111111100010100010001001101111111
100000100101000010011101001000001
101110100001001011111011001011101
101110100010111111000011001011101
101110101100111100111111001011101
100000100100011100000100101000001
111111101010101010101010101111111
000000001101111001011001000000000
001100111011111110101100011010000
101101000100111100001001111001101
011011110010110101100111011000111
000001000101000111001111000111010
000001110110010101100110010100000
010111010011100100011100100110100
010010100011001110101100011000100
111010011110111000110110000011001
010011111000010010001100111011000
111000010000000101101111001110110
011001110111000000010000000100100
000100001011010011000000011100010
111000100111100110011110010001101
101000011100000101011000010000001
000011111111101011110000001000011
011100010000100001000001110001011
100011101001101110111011111111011
000000001001001010001001100011110
111111101110001101010011101011000
100000100011110001101111100011111
101110100010010110000001111110110
101110101011110011010101000100000
101110101001100110101011111001100
100000100011110100100101100001001
111111100001000110100001000111000
